# RATAN Spectra-At-Positions Data File v 1.0.20.520 
# generated at Mon May 17 20:48:04 2021
# DATE-OBS = 2011/10/10
# TIME-OBS = 09:00:44.790
# CDELT1 =        3.1292702
# AZIMUTH =       0.00000000
# SOL_DEC =       -6.5710000
# SOLAR_R =        960.95001
# SOLAR_P =        26.299999
# SOLAR_B =        6.2000000
# RATAN_P =        26.299999
# PAR.OTZENTRA =      0.200000
# PAR.CAL_FREQ =       9.75000
# PAR.CAL_BY = Int
# PAR.METHOD = lin_appr
# PAR.X_FROM =     -400
# PAR.X_TO =     -120
# PAR.X_FRFR =        0
# PAR.PTS_BY = Int
# PAR.UNITS = Ta
# PAR.XPOI =       61
# PAR.YPOI =      263
# N_POS =           10
# N_FREQS =           76
  0.0000000e+000 -2.3834023e+002 -2.3834023e+002 -2.3834023e+002 -2.2895242e+002 -2.2895242e+002 -2.2895242e+002 -2.1956461e+002 -2.1956461e+002 -2.1956461e+002 -2.1017679e+002 -2.1017679e+002 -2.1017679e+002 -2.0078898e+002 -2.0078898e+002 -2.0078898e+002 -1.9140117e+002 -1.9140117e+002 -1.9140117e+002 -1.8201336e+002 -1.8201336e+002 -1.8201336e+002 -1.7262555e+002 -1.7262555e+002 -1.7262555e+002 -1.6323774e+002 -1.6323774e+002 -1.6323774e+002 -1.5384993e+002 -1.5384993e+002 -1.5384993e+002 -5.1568809e-001
  3.0000000e+000  5.3572803e+001  6.3451632e+001  1.1389021e+002  7.1589707e+001  8.6214172e+001  1.1405251e+002  9.1145573e+001  1.1229689e+002  1.1421481e+002  1.0620307e+002  1.3299447e+002  1.1437710e+002  1.0911293e+002  1.3942346e+002  1.1453940e+002  9.8813493e+001  1.2802409e+002  1.1470170e+002  7.8709427e+001  1.0256273e+002  1.1486400e+002  5.6148296e+001  7.1596161e+001  1.1502629e+002  3.6173010e+001  4.3322135e+001  1.1518859e+002  2.0665336e+001  2.2948232e+001  1.1535089e+002  0.0000000e+000
  3.1800001e+000  6.3512671e+001  7.6328222e+001  1.2583662e+002  8.4522012e+001  1.0340552e+002  1.2599715e+002  1.0651892e+002  1.3336615e+002  1.2615769e+002  1.2356573e+002  1.5681778e+002  1.2631822e+002  1.2631770e+002  1.6249565e+002  1.2647876e+002  1.1408942e+002  1.4736752e+002  1.2663929e+002  9.0960414e+001  1.1659330e+002  1.2679983e+002  6.4827741e+001  8.0432189e+001  1.2696036e+002  4.1167626e+001  4.8089029e+001  1.2712090e+002  2.2797104e+001  2.4715083e+001  1.2728143e+002  0.0000000e+000
  3.3699999e+000  8.5789201e+001  1.0039226e+002  1.3468838e+002  1.1084212e+002  1.2949332e+002  1.3491435e+002  1.3194147e+002  1.5342071e+002  1.3514032e+002  1.4489329e+002  1.6620724e+002  1.3536629e+002  1.4488117e+002  1.6375486e+002  1.3559226e+002  1.3196654e+002  1.4752787e+002  1.3581823e+002  1.0822178e+002  1.1980966e+002  1.3604421e+002  8.0107069e+001  8.7140885e+001  1.3627018e+002  5.1931798e+001  5.5927536e+001  1.3649615e+002  2.8903963e+001  3.0587567e+001  1.3672212e+002  0.0000000e+000
  3.5699999e+000  8.9897254e+001  9.7461554e+001  1.4567149e+002  1.1984932e+002  1.3172277e+002  1.4589807e+002  1.4590027e+002  1.6147293e+002  1.4612465e+002  1.6243533e+002  1.7986002e+002  1.4635123e+002  1.6448445e+002  1.8065153e+002  1.4657781e+002  1.5073562e+002  1.6491513e+002  1.4680439e+002  1.2408736e+002  1.3478319e+002  1.4703097e+002  9.1396644e+001  9.9064859e+001  1.4725755e+002  5.9916631e+001  6.4034100e+001  1.4748412e+002  3.3494180e+001  3.5238371e+001  1.4771070e+002  0.0000000e+000
  3.7500000e+000  9.5488757e+001  1.0495343e+002  1.5483544e+002  1.3099019e+002  1.4709878e+002  1.5502045e+002  1.6399091e+002  1.8508376e+002  1.5520546e+002  1.8618786e+002  2.0992285e+002  1.5539047e+002  1.9000667e+002  2.1312142e+002  1.5557548e+002  1.7548506e+002  1.9536200e+002  1.5576049e+002  1.4519595e+002  1.6122102e+002  1.5594550e+002  1.0691893e+002  1.1857402e+002  1.5613051e+002  6.9237544e+001  7.6497432e+001  1.5631552e+002  3.9658976e+001  4.1329384e+001  1.5650053e+002  0.0000000e+000
  4.0000000e+000  9.4112899e+001  1.0013816e+002  1.7055703e+002  1.3457749e+002  1.4843116e+002  1.7065802e+002  1.7362083e+002  1.9482180e+002  1.7075900e+002  2.0199596e+002  2.2778247e+002  1.7085999e+002  2.1015713e+002  2.3733190e+002  1.7096097e+002  1.9520949e+002  2.2104200e+002  1.7106195e+002  1.6241629e+002  1.8396482e+002  1.7116294e+002  1.1953629e+002  1.3541469e+002  1.7126392e+002  7.7390613e+001  8.7020370e+001  1.7136491e+002  4.3261445e+001  4.6940876e+001  1.7146589e+002  0.0000000e+000
  4.1999998e+000  9.3993045e+001  1.0606223e+002  1.8536736e+002  1.4119869e+002  1.6387056e+002  1.8543323e+002  1.9034707e+002  2.2202832e+002  1.8549909e+002  2.2660176e+002  2.6411800e+002  1.8556496e+002  2.3934625e+002  2.7760438e+002  1.8563083e+002  2.2309445e+002  2.5758512e+002  1.8569670e+002  1.8375005e+002  2.1229818e+002  1.8576257e+002  1.3316260e+002  1.5351014e+002  1.8582844e+002  8.3699206e+001  9.5509551e+001  1.8589431e+002  4.5302290e+001  4.8922994e+001  1.8596018e+002  0.0000000e+000
  4.5000000e+000  9.3649364e+001  1.1165315e+002  2.1441455e+002  1.4702116e+002  1.8203821e+002  2.1447443e+002  2.0645315e+002  2.5676092e+002  2.1453431e+002  2.5262415e+002  3.1259276e+002  2.1459418e+002  2.6763807e+002  3.2864673e+002  2.1465406e+002  2.4605266e+002  3.0153098e+002  2.1471394e+002  1.9601151e+002  2.3985886e+002  2.1477381e+002  1.3385975e+002  1.6391260e+002  2.1483369e+002  7.6775105e+001  9.3680260e+001  2.1489357e+002  3.5448631e+001  4.0958247e+001  2.1495344e+002  0.0000000e+000
  4.9000001e+000  9.8666402e+001  1.1571307e+002  2.4644606e+002  1.6198914e+002  2.0227104e+002  2.4654881e+002  2.3499206e+002  2.9933353e+002  2.4665155e+002  2.8956994e+002  3.7265474e+002  2.4675430e+002  3.0502272e+002  3.9594602e+002  2.4685704e+002  2.7318278e+002  3.5855635e+002  2.4695979e+002  2.0744957e+002  2.7727066e+002  2.4706253e+002  1.3266082e+002  1.8056207e+002  2.4716528e+002  6.9040496e+001  9.5730225e+001  2.4726802e+002  2.8341767e+001  3.6999912e+001  2.4737077e+002  0.0000000e+000
  5.0999999e+000  1.0129895e+002  1.0538242e+002  2.5964829e+002  1.6928719e+002  1.9573066e+002  2.5976527e+002  2.4808371e+002  3.0341042e+002  2.5988224e+002  3.0812181e+002  3.9055742e+002  2.5999922e+002  3.2225630e+002  4.2240512e+002  2.6011619e+002  2.8481297e+002  3.8661411e+002  2.6023317e+002  2.1172231e+002  2.9946528e+002  2.6035014e+002  1.3176665e+002  1.9440426e+002  2.6046711e+002  6.7481496e+001  1.0266080e+002  2.6058409e+002  2.7087117e+001  3.9039391e+001  2.6070106e+002  0.0000000e+000
  5.3000002e+000  9.7386781e+001  9.9490494e+001  2.7448939e+002  1.6783119e+002  1.9329201e+002  2.7459618e+002  2.5278046e+002  3.0850441e+002  2.7470297e+002  3.1798767e+002  4.0586699e+002  2.7480976e+002  3.3439640e+002  4.4408095e+002  2.7491655e+002  2.9488878e+002  4.0895050e+002  2.7502334e+002  2.1736341e+002  3.1682438e+002  2.7513013e+002  1.3308779e+002  2.0403129e+002  2.7523692e+002  6.6593675e+001  1.0616273e+002  2.7534371e+002  2.5917494e+001  3.8941563e+001  2.7545050e+002  0.0000000e+000
  5.5000000e+000  9.1136994e+001  9.4784892e+001  2.9087813e+002  1.6356522e+002  1.9142621e+002  2.9099390e+002  2.5412737e+002  3.1684285e+002  2.9110966e+002  3.2467295e+002  4.2626597e+002  2.9122543e+002  3.4214614e+002  4.7240573e+002  2.9134119e+002  2.9916337e+002  4.3660166e+002  2.9145696e+002  2.1714304e+002  3.3669652e+002  2.9157272e+002  1.2909552e+002  2.1421871e+002  2.9168849e+002  6.1003738e+001  1.0802217e+002  2.9180425e+002  2.2315952e+001  3.7247082e+001  2.9192002e+002  0.0000000e+000
  5.6999998e+000  8.3606662e+001  9.2182456e+001  3.0669059e+002  1.5600401e+002  1.9212334e+002  3.0683263e+002  2.4990893e+002  3.2780477e+002  3.0697467e+002  3.2623333e+002  4.4899916e+002  3.0711671e+002  3.4625724e+002  5.0366274e+002  3.0725875e+002  3.0109805e+002  4.6603651e+002  3.0740079e+002  2.1506947e+002  3.5582168e+002  3.0754283e+002  1.2455137e+002  2.2158308e+002  3.0768487e+002  5.6650161e+001  1.0783510e+002  3.0782691e+002  1.8412682e+001  3.3915624e+001  3.0796895e+002  0.0000000e+000
  6.0000000e+000  7.7437232e+001  9.1943218e+001  3.3016688e+002  1.5157104e+002  1.9770613e+002  3.3031231e+002  2.5484259e+002  3.5354790e+002  3.3045775e+002  3.4087376e+002  4.9485159e+002  3.3060319e+002  3.6452622e+002  5.6144241e+002  3.3074863e+002  3.1486340e+002  5.1819318e+002  3.3089407e+002  2.2281782e+002  3.8986704e+002  3.3103951e+002  1.2441132e+002  2.3577618e+002  3.3118495e+002  5.3728339e+001  1.0891354e+002  3.3133039e+002  1.5059169e+001  3.1309177e+001  3.3147583e+002  0.0000000e+000
  6.1500001e+000  7.4022452e+001  8.7334925e+001  3.4202038e+002  1.4616101e+002  1.9220707e+002  3.4218709e+002  2.5103004e+002  3.4767597e+002  3.4235380e+002  3.4010987e+002  4.9436800e+002  3.4252051e+002  3.6581940e+002  5.6217014e+002  3.4268722e+002  3.1585319e+002  5.1981319e+002  3.4285394e+002  2.1994098e+002  3.8900890e+002  3.4302065e+002  1.2015503e+002  2.3240965e+002  3.4318736e+002  4.9356919e+001  1.0436081e+002  3.4335407e+002  1.2123339e+001  2.7716186e+001  3.4352078e+002  0.0000000e+000
  6.3000002e+000  6.8628831e+001  8.6235808e+001  3.5354792e+002  1.4014011e+002  1.9290220e+002  3.5371114e+002  2.5135525e+002  3.6356809e+002  3.5387437e+002  3.5202135e+002  5.3216524e+002  3.5403759e+002  3.8356821e+002  6.1460751e+002  3.5420082e+002  3.3082381e+002  5.6752189e+002  3.5436404e+002  2.2679297e+002  4.1951693e+002  3.5452727e+002  1.2167363e+002  2.4447446e+002  3.5469049e+002  4.7575992e+001  1.0583711e+002  3.5485372e+002  1.0341547e+001  2.5962304e+001  3.5501694e+002  0.0000000e+000
  6.6500001e+000  6.7063857e+001  9.4460046e+001  3.8110985e+002  1.3893236e+002  2.1579753e+002  3.8126997e+002  2.5825584e+002  4.1177171e+002  3.8143009e+002  3.6535886e+002  6.0304423e+002  3.8159022e+002  3.9662876e+002  6.8761677e+002  3.8175034e+002  3.3496634e+002  6.1785505e+002  3.8191046e+002  2.2191871e+002  4.3972866e+002  3.8207059e+002  1.1201651e+002  2.4287457e+002  3.8223071e+002  3.8868169e+001  9.6723462e+001  3.8239083e+002  4.7347165e+000  1.8828401e+001  3.8255096e+002  0.0000000e+000
  6.8000002e+000  5.8256393e+001  8.6912812e+001  3.9256313e+002  1.2152371e+002  1.9905901e+002  3.9276052e+002  2.3556771e+002  3.9230670e+002  3.9295791e+002  3.4374128e+002  5.8728402e+002  3.9315530e+002  3.7686343e+002  6.7665662e+002  3.9335269e+002  3.1974351e+002  6.0842377e+002  3.9355008e+002  2.0871392e+002  4.2972567e+002  3.9374747e+002  1.0278099e+002  2.3346093e+002  3.9394486e+002  3.3471188e+001  8.8707219e+001  3.9414225e+002  1.8094590e+000  1.4946860e+001  3.9433964e+002  0.0000000e+000
  6.9499998e+000  5.4364332e+001  8.5880593e+001  4.0404577e+002  1.1237099e+002  2.0173384e+002  4.0418875e+002  2.2532439e+002  4.0617766e+002  4.0433172e+002  3.3862875e+002  6.1223797e+002  4.0447470e+002  3.7865175e+002  7.0096813e+002  4.0461768e+002  3.2198140e+002  6.2037648e+002  4.0476066e+002  2.0757656e+002  4.2632875e+002  4.0490364e+002  9.9533470e+001  2.2156879e+002  4.0504662e+002  3.0580937e+001  7.9184460e+001  4.0518960e+002  4.2380943e-001  1.0082848e+001  4.0533257e+002  0.0000000e+000
  7.0999999e+000  5.1801146e+001  8.4275603e+001  4.1455315e+002  1.0574729e+002  2.0058442e+002  4.1472739e+002  2.1835784e+002  4.2048484e+002  4.1490163e+002  3.3738032e+002  6.5157239e+002  4.1507587e+002  3.7904598e+002  7.5303231e+002  4.1525011e+002  3.1918157e+002  6.6083928e+002  4.1542436e+002  2.0122521e+002  4.4382471e+002  4.1559860e+002  9.3300290e+001  2.2304501e+002  4.1577284e+002  2.6535134e+001  7.6164546e+001  4.1594708e+002 -7.8247705e-001  7.9961931e+000  4.1612132e+002  0.0000000e+000
  7.3000002e+000  4.8673837e+001  7.8064142e+001  4.2806978e+002  9.7763326e+001  1.8681745e+002  4.2830094e+002  2.0897157e+002  4.0407406e+002  4.2853209e+002  3.2796939e+002  6.3766280e+002  4.2876325e+002  3.7039060e+002  7.4359947e+002  4.2899440e+002  3.0906311e+002  6.5320502e+002  4.2922556e+002  1.9150517e+002  4.3410751e+002  4.2945671e+002  8.5184672e+001  2.1343011e+002  4.2968787e+002  2.2748807e+001  6.9614275e+001  4.2991902e+002 -3.2546054e+000  5.4110668e+000  4.3015018e+002  0.0000000e+000
  7.5999999e+000  4.8242045e+001  7.4137578e+001  4.4826970e+002  9.3837169e+001  1.8357640e+002  4.4850995e+002  2.0398343e+002  4.1194166e+002  4.4875020e+002  3.2439761e+002  6.6512733e+002  4.4899045e+002  3.6777069e+002  7.8206727e+002  4.4923070e+002  3.0404139e+002  6.8111944e+002  4.4947094e+002  1.8449563e+002  4.4500743e+002  4.4971119e+002  7.9727974e+001  2.1218808e+002  4.4995144e+002  1.9906388e+001  6.6083153e+001  4.5019169e+002 -3.5006313e+000  4.3980936e+000  4.5043194e+002  0.0000000e+000
  7.7500000e+000  4.7087981e+001  7.1988122e+001  4.5815141e+002  9.2826677e+001  1.7698478e+002  4.5839495e+002  2.0342708e+002  4.0366328e+002  4.5863849e+002  3.2324831e+002  6.6009944e+002  4.5888203e+002  3.6370512e+002  7.7781160e+002  4.5912557e+002  2.9498130e+002  6.8025181e+002  4.5936911e+002  1.7541394e+002  4.4239471e+002  4.5961265e+002  7.2962248e+001  2.1007300e+002  4.5985619e+002  1.6389663e+001  6.4155792e+001  4.6009973e+002 -5.2622934e+000  3.0906725e+000  4.6034327e+002  0.0000000e+000
  7.9000001e+000  4.4225867e+001  6.6727779e+001  4.6899550e+002  8.8488440e+001  1.6510557e+002  4.6930108e+002  2.0022960e+002  3.9015437e+002  4.6960666e+002  3.2140656e+002  6.5155948e+002  4.6991224e+002  3.5761131e+002  7.7310519e+002  4.7021783e+002  2.8402009e+002  6.7230051e+002  4.7052341e+002  1.6123475e+002  4.3057146e+002  4.7082899e+002  6.3297189e+001  1.9814596e+002  4.7113457e+002  1.2219153e+001  5.7001732e+001  4.7144015e+002 -6.6773391e+000  2.8295676e-001  4.7174573e+002  0.0000000e+000
  8.1000004e+000  4.2544993e+001  6.4141898e+001  4.8281190e+002  8.6273899e+001  1.5351927e+002  4.8312072e+002  2.0269809e+002  3.8563302e+002  4.8342954e+002  3.2937528e+002  6.7618759e+002  4.8373836e+002  3.6611385e+002  8.2579119e+002  4.8404717e+002  2.8461411e+002  7.2246436e+002  4.8435599e+002  1.5652728e+002  4.5694787e+002  4.8466481e+002  5.7523224e+001  2.0347030e+002  4.8497362e+002  9.1525976e+000  5.5160109e+001  4.8528244e+002 -8.1094728e+000 -9.8302312e-001  4.8559126e+002  0.0000000e+000
  8.2500000e+000  3.9186427e+001  6.0792535e+001  4.9336034e+002  7.5944237e+001  1.3737073e+002  4.9363150e+002  1.9117473e+002  3.6055709e+002  4.9390265e+002  3.2870996e+002  6.5835354e+002  4.9417381e+002  3.7219628e+002  8.2138381e+002  4.9444496e+002  2.8805380e+002  7.2460382e+002  4.9471612e+002  1.5423843e+002  4.5495607e+002  4.9498727e+002  5.3869565e+001  1.9754570e+002  4.9525843e+002  6.5621086e+000  5.0470405e+001  4.9552958e+002 -8.5632779e+000 -3.1035634e+000  4.9580074e+002  0.0000000e+000
  8.3999996e+000  3.9022235e+001  6.0042445e+001  5.0213920e+002  6.7259046e+001  1.2915356e+002  5.0251818e+002  1.7507479e+002  3.5010535e+002  5.0289715e+002  3.1150924e+002  6.5630096e+002  5.0327613e+002  3.6029605e+002  8.3133978e+002  5.0365510e+002  2.8082792e+002  7.3600322e+002  5.0403408e+002  1.4963000e+002  4.5812117e+002  5.0441305e+002  5.1379760e+001  1.9499046e+002  5.0479203e+002  7.1726579e+000  4.7238708e+001  5.0517100e+002 -7.8960658e+000 -3.8812728e+000  5.0554998e+002  0.0000000e+000
  8.6999998e+000  3.8659759e+001  6.0903092e+001  5.2301225e+002  5.9430432e+001  1.1845071e+002  5.2331626e+002  1.5781782e+002  3.3197215e+002  5.2362028e+002  2.8845083e+002  6.4279933e+002  5.2392429e+002  3.3874503e+002  8.2546674e+002  5.2422830e+002  2.6427225e+002  7.3148861e+002  5.2453232e+002  1.3781345e+002  4.5051781e+002  5.2483633e+002  4.5537332e+001  1.8759864e+002  5.2514034e+002  4.6421054e+000  4.2603867e+001  5.2544436e+002 -8.1356168e+000 -4.9227752e+000  5.2574837e+002  0.0000000e+000
  8.8999996e+000  3.7833031e+001  6.1503357e+001  5.3659276e+002  5.2777008e+001  1.0938348e+002  5.3691578e+002  1.4554889e+002  3.1881351e+002  5.3723880e+002  2.7809703e+002  6.4169438e+002  5.3756182e+002  3.3013063e+002  8.3854850e+002  5.3788484e+002  2.5507853e+002  7.4175509e+002  5.3820786e+002  1.3032017e+002  4.4887860e+002  5.3853088e+002  4.1757250e+001  1.7903527e+002  5.3885391e+002  3.4410303e+000  3.6358461e+001  5.3917693e+002 -8.7326755e+000 -7.3887974e+000  5.3949995e+002  0.0000000e+000
  9.0500002e+000  3.7952656e+001  6.1774754e+001  5.4616118e+002  4.7803138e+001  1.0311200e+002  5.4654387e+002  1.3232269e+002  3.0697352e+002  5.4692655e+002  2.6464517e+002  6.3271176e+002  5.4730924e+002  3.2141341e+002  8.3655238e+002  5.4769192e+002  2.4692144e+002  7.3645789e+002  5.4807461e+002  1.2242759e+002  4.3621988e+002  5.4845729e+002  3.5914681e+001  1.6668609e+002  5.4883998e+002  1.7816469e+000  3.0881432e+001  5.4922266e+002 -9.9719992e+000 -8.5074817e+000  5.4960535e+002  0.0000000e+000
  9.1999998e+000  3.8739727e+001  6.2577286e+001  5.5693740e+002  4.5103681e+001  1.0335698e+002  5.5732284e+002  1.2746075e+002  3.1633149e+002  5.5770827e+002  2.6103425e+002  6.5588452e+002  5.5809371e+002  3.2025839e+002  8.6927933e+002  5.5847915e+002  2.4542765e+002  7.5222678e+002  5.5886459e+002  1.1835829e+002  4.3168766e+002  5.5925002e+002  3.3336979e+001  1.5749651e+002  5.5963546e+002  1.3438054e+000  2.6233460e+001  5.6002090e+002 -1.0315241e+001 -9.2760862e+000  5.6040634e+002  0.0000000e+000
  9.3500004e+000  3.6926448e+001  6.0185237e+001  5.6732155e+002  4.0890090e+001  9.4090575e+001  5.6772992e+002  1.1106690e+002  2.9354318e+002  5.6813830e+002  2.3626909e+002  6.2318068e+002  5.6854667e+002  2.9412363e+002  8.2325626e+002  5.6895505e+002  2.2316656e+002  7.0518208e+002  5.6936343e+002  1.0508831e+002  3.9494895e+002  5.6977180e+002  2.8422998e+001  1.3716094e+002  5.7018018e+002 -2.0684238e-001  1.9964210e+001  5.7058855e+002 -1.1135697e+001 -9.8909451e+000  5.7099693e+002  0.0000000e+000
  9.5000000e+000  3.6229413e+001  5.8321621e+001  5.7742069e+002  3.6460956e+001  8.5240012e+001  5.7788301e+002  1.0283056e+002  2.7541242e+002  5.7834534e+002  2.2298822e+002  6.0443050e+002  5.7880766e+002  2.7822074e+002  8.1196102e+002  5.7926998e+002  2.0669069e+002  6.9010982e+002  5.7973231e+002  9.2156113e+001  3.7578156e+002  5.8019463e+002  2.1938492e+001  1.2325143e+002  5.8065695e+002 -2.1875326e+000  1.4381369e+001  5.8111928e+002 -1.1538148e+001 -1.2556158e+001  5.8158160e+002  0.0000000e+000
  9.6999998e+000  3.5157088e+001  5.7034777e+001  5.8994292e+002  3.6102661e+001  7.8242657e+001  5.9043654e+002  9.8901525e+001  2.5410000e+002  5.9093016e+002  2.1654703e+002  5.7574448e+002  5.9142378e+002  2.6575440e+002  7.8478100e+002  5.9191741e+002  1.9367881e+002  6.7620325e+002  5.9241103e+002  8.3456655e+001  3.6878632e+002  5.9290465e+002  1.8314648e+001  1.1931823e+002  5.9339827e+002 -3.2332091e+000  1.2602138e+001  5.9389190e+002 -1.2720277e+001 -1.3166740e+001  5.9438552e+002  0.0000000e+000
  1.0000000e+001  3.3640290e+001  5.8809445e+001  6.1062603e+002  3.1263133e+001  7.4793073e+001  6.1115752e+002  8.6540808e+001  2.4661561e+002  6.1168902e+002  1.9922244e+002  5.8435816e+002  6.1222051e+002  2.4644906e+002  8.0841586e+002  6.1275200e+002  1.7220844e+002  6.8423729e+002  6.1328350e+002  6.8513047e+001  3.6066273e+002  6.1381499e+002  1.2131810e+001  1.0872226e+002  6.1434648e+002 -4.2896872e+000  8.7822837e+000  6.1487797e+002 -1.3281047e+001 -1.2181278e+001  6.1540947e+002  0.0000000e+000
  1.0150000e+001  3.2410105e+001  5.6822876e+001  6.2069319e+002  2.9413088e+001  6.8698532e+001  6.2125385e+002  7.8093608e+001  2.3445373e+002  6.2181451e+002  1.8194854e+002  5.6898764e+002  6.2237516e+002  2.2706555e+002  7.9124555e+002  6.2293582e+002  1.5674358e+002  6.6046218e+002  6.2349648e+002  5.9703450e+001  3.3582392e+002  6.2405714e+002  8.9086282e+000  9.5257370e+001  6.2461780e+002 -4.6516923e+000  5.1797473e+000  6.2517845e+002 -1.3540636e+001 -1.4552531e+001  6.2573911e+002  0.0000000e+000
  1.0300000e+001  3.1501233e+001  5.7023661e+001  6.2999387e+002  2.6157429e+001  6.2835081e+001  6.3056250e+002  6.6919429e+001  2.1783189e+002  6.3113114e+002  1.6310865e+002  5.4460841e+002  6.3169977e+002  2.0512976e+002  7.6366311e+002  6.3226841e+002  1.4055003e+002  6.3516864e+002  6.3283705e+002  5.1525013e+001  3.1360090e+002  6.3340568e+002  6.9295326e+000  8.4185931e+001  6.3397432e+002 -4.9669328e+000  3.1912344e+000  6.3454295e+002 -1.4110885e+001 -1.4674534e+001  6.3511159e+002  0.0000000e+000
  1.0500000e+001  2.9059590e+001  5.8396510e+001  6.4276752e+002  2.3989358e+001  6.0777853e+001  6.4337646e+002  5.9713906e+001  2.0476806e+002  6.4398540e+002  1.4880320e+002  5.2867984e+002  6.4459434e+002  1.9012929e+002  7.4833791e+002  6.4520328e+002  1.2989585e+002  6.1566489e+002  6.4581223e+002  4.4890465e+001  2.9625825e+002  6.4642117e+002  5.0356978e+000  7.5310746e+001  6.4703011e+002 -5.4377167e+000  1.2622811e+000  6.4763905e+002 -1.3869081e+001 -1.5080766e+001  6.4824799e+002  0.0000000e+000
  1.0600000e+001  2.8819268e+001  5.7338444e+001  6.4956453e+002  2.3830402e+001  5.8254125e+001  6.5013965e+002  5.4861685e+001  1.9712990e+002  6.5071477e+002  1.3946937e+002  5.2554104e+002  6.5128989e+002  1.8109164e+002  7.5630901e+002  6.5186502e+002  1.2367497e+002  6.2399415e+002  6.5244014e+002  4.0710485e+001  2.9664256e+002  6.5301526e+002  4.4805940e+000  7.2739596e+001  6.5359038e+002 -5.3414964e+000 -3.8753411e-003  6.5416550e+002 -1.4630300e+001 -1.5060840e+001  6.5474062e+002  0.0000000e+000
  1.0800000e+001  3.0416423e+001  6.0604689e+001  6.6251908e+002  2.4615412e+001  5.7790321e+001  6.6305107e+002  4.8659820e+001  1.8772591e+002  6.6358306e+002  1.2618171e+002  5.1948974e+002  6.6411505e+002  1.6802320e+002  7.6440176e+002  6.6464704e+002  1.1332651e+002  6.2897317e+002  6.6517903e+002  3.7083643e+001  2.9172237e+002  6.6571102e+002  4.3330733e+000  6.8059958e+001  6.6624300e+002 -3.7494319e+000 -1.4747307e-001  6.6677499e+002 -1.3829553e+001 -1.4529733e+001  6.6730698e+002  0.0000000e+000
  1.0900000e+001  2.6902101e+001  5.7327991e+001  6.6839571e+002  2.1473857e+001  5.2929451e+001  6.6896053e+002  4.1426266e+001  1.6976846e+002  6.6952534e+002  1.0680170e+002  4.8150928e+002  6.7009015e+002  1.4138497e+002  7.1281767e+002  6.7065497e+002  9.6270594e+001  5.8438075e+002  6.7121978e+002  3.0795156e+001  2.6709842e+002  6.7178460e+002  2.3080407e+000  6.0023183e+001  6.7234941e+002 -4.4019419e+000 -8.2686174e-001  6.7291422e+002 -1.3447882e+001 -1.3475057e+001  6.7347904e+002  0.0000000e+000
  1.1300000e+001  2.6243304e+001  5.7213261e+001  6.9508843e+002  2.1292671e+001  5.0668112e+001  6.9562829e+002  3.6025310e+001  1.6249291e+002  6.9616816e+002  9.4922621e+001  4.7624313e+002  6.9670803e+002  1.2575090e+002  7.0172723e+002  6.9724790e+002  8.3789137e+001  5.6492760e+002  6.9778777e+002  2.5161594e+001  2.4802954e+002  6.9832764e+002  5.9987459e-001  5.0470113e+001  6.9886751e+002 -5.9800947e+000 -2.6449553e+000  6.9940738e+002 -1.4906574e+001 -1.6004839e+001  6.9994725e+002  0.0000000e+000
  1.1400000e+001  2.4474847e+001  5.6988123e+001  7.0002588e+002  2.0625994e+001  4.9898469e+001  7.0053236e+002  3.5261158e+001  1.5802866e+002  7.0103885e+002  8.3410541e+001  4.6658495e+002  7.0154533e+002  1.0932363e+002  6.8480139e+002  7.0205182e+002  7.0694862e+001  5.3587270e+002  7.0255830e+002  2.0243299e+001  2.2176841e+002  7.0306478e+002  1.5254894e+000  4.2341920e+001  7.0357127e+002 -4.0527098e+000 -3.2997088e+000  7.0407775e+002 -1.3748531e+001 -1.4001008e+001  7.0458424e+002  0.0000000e+000
  1.1600000e+001  2.4202234e+001  5.1643669e+001  7.0978194e+002  2.0493280e+001  4.5218274e+001  7.1036103e+002  3.4216544e+001  1.4938477e+002  7.1094012e+002  7.6332092e+001  4.4638466e+002  7.1151921e+002  9.8184329e+001  6.4495087e+002  7.1209829e+002  6.1493836e+001  4.8732853e+002  7.1267738e+002  1.8068768e+001  1.9079041e+002  7.1325647e+002  3.4725326e+000  3.1774911e+001  7.1383556e+002 -2.1313642e+000 -4.2372008e+000  7.1441465e+002 -1.1228469e+001 -1.3410495e+001  7.1499374e+002  0.0000000e+000
  1.1700000e+001  2.2527782e+001  4.7504358e+001  7.1748632e+002  1.9451086e+001  4.1443051e+001  7.1794966e+002  3.0981189e+001  1.3725390e+002  7.1841299e+002  6.6581333e+001  4.2389466e+002  7.1887633e+002  8.2669042e+001  6.1861378e+002  7.1933966e+002  5.1372656e+001  4.5952502e+002  7.1980300e+002  1.5825867e+001  1.7272449e+002  7.2026633e+002  4.0161986e+000  2.7478939e+001  7.2072966e+002 -7.9392922e-001 -3.1025341e+000  7.2119300e+002 -1.0557421e+001 -1.2734454e+001  7.2165633e+002  0.0000000e+000
  1.1900000e+001  2.7981223e+001  4.8624588e+001  7.2498375e+002  2.5039356e+001  4.3473538e+001  7.2543395e+002  3.8409484e+001  1.3379160e+002  7.2588415e+002  7.1438104e+001  4.2223404e+002  7.2633434e+002  7.7569873e+001  6.1018846e+002  7.2678454e+002  4.7529981e+001  4.4690471e+002  7.2723474e+002  1.7555578e+001  1.6444188e+002  7.2768494e+002  1.2129566e+001  2.9063400e+001  7.2813514e+002  2.3535847e+000 -2.3415007e+000  7.2858534e+002 -8.7279268e+000 -1.2788699e+001  7.2903553e+002  0.0000000e+000
  1.2200000e+001  2.3609704e+001  4.3977894e+001  7.4342024e+002  1.8709621e+001  3.9146722e+001  7.4397100e+002  3.1085200e+001  1.2339668e+002  7.4452177e+002  6.0633720e+001  4.0214867e+002  7.4507254e+002  7.1593433e+001  5.9583244e+002  7.4562331e+002  4.1283063e+001  4.3587487e+002  7.4617408e+002  1.2430139e+001  1.5517399e+002  7.4672484e+002  4.9076566e+000  2.2517467e+001  7.4727561e+002  1.0678266e+000 -3.8015553e+000  7.4782638e+002 -7.8521125e+000 -1.3353011e+001  7.4837715e+002  0.0000000e+000
  1.2500000e+001  2.4571458e+001  4.1362216e+001  7.5867095e+002  1.8643251e+001  3.6029674e+001  7.5897935e+002  2.6998012e+001  9.8061331e+001  7.5928776e+002  4.8996926e+001  3.3862802e+002  7.5959616e+002  5.4851159e+001  5.2346637e+002  7.5990457e+002  3.2880263e+001  3.7790601e+002  7.6021297e+002  1.0904434e+001  1.3054495e+002  7.6052138e+002  5.9339262e+000  1.9830505e+001  7.6082978e+002  6.0496642e+000  5.4556268e-002  7.6113819e+002 -5.1488821e+000 -9.0155911e+000  7.6144659e+002  0.0000000e+000
  1.2700000e+001  2.1947694e+001  3.7372658e+001  7.6737941e+002  1.8817879e+001  3.3053379e+001  7.6757817e+002  2.5654349e+001  8.7303906e+001  7.6777693e+002  4.3417345e+001  3.0893882e+002  7.6797569e+002  4.6505361e+001  4.7832037e+002  7.6817444e+002  2.7471197e+001  3.4224210e+002  7.6837320e+002  1.0530807e+001  1.1589677e+002  7.6857196e+002  7.6599526e+000  1.7932550e+001  7.6877072e+002  5.9548242e+000  2.0608594e-001  7.6896947e+002 -3.0240960e+000 -7.5240300e+000  7.6916823e+002  0.0000000e+000
  1.2900000e+001  2.2804076e+001  3.4743271e+001  7.7587530e+002  2.0117220e+001  3.1687071e+001  7.7606767e+002  2.5883230e+001  8.0843865e+001  7.7626004e+002  4.0438716e+001  2.8944662e+002  7.7645241e+002  4.3552294e+001  4.4899755e+002  7.7664478e+002  2.4828938e+001  3.1569973e+002  7.7683714e+002  1.1805615e+001  1.0562150e+002  7.7702951e+002  8.3724746e+000  1.6352716e+001  7.7722188e+002  7.2325655e+000  1.0069928e-001  7.7741425e+002 -2.1758649e+000 -6.8208090e+000  7.7760662e+002  0.0000000e+000
  1.3050000e+001  2.4274671e+001  3.5347293e+001  7.8142052e+002  1.9824487e+001  3.1297311e+001  7.8161554e+002  2.5906447e+001  7.6973338e+001  7.8181056e+002  4.4979515e+001  2.7271247e+002  7.8200558e+002  5.2895844e+001  4.1428120e+002  7.8220061e+002  3.3655740e+001  2.8527482e+002  7.8239563e+002  1.5980182e+001  9.2068677e+001  7.8259065e+002  9.9422261e+000  1.5067768e+001  7.8278567e+002  8.6115690e+000  2.5878156e+000  7.8298069e+002 -4.4047360e-001 -5.4752164e+000  7.8317571e+002  0.0000000e+000
  1.3350000e+001  2.2333066e+001  3.0513278e+001  7.9300262e+002  1.7765792e+001  2.7723647e+001  7.9319568e+002  2.4806186e+001  6.5864801e+001  7.9338874e+002  3.5436838e+001  2.4443360e+002  7.9358180e+002  3.6815301e+001  3.7464875e+002  7.9377486e+002  2.2241598e+001  2.5295797e+002  7.9396792e+002  1.1131092e+001  7.9124139e+001  7.9416098e+002  8.6276745e+000  1.1532445e+001  7.9435404e+002  8.1140416e+000  8.1374044e-001  7.9454710e+002 -1.4268975e+000 -7.2058263e+000  7.9474016e+002  0.0000000e+000
  1.3500000e+001  2.2300889e+001  2.7543571e+001  7.9815181e+002  1.9065657e+001  2.5477776e+001  7.9824485e+002  2.4439551e+001  5.8289128e+001  7.9833789e+002  3.6526778e+001  2.2635958e+002  7.9843094e+002  3.6675970e+001  3.4786107e+002  7.9852398e+002  2.1593100e+001  2.2999674e+002  7.9861702e+002  1.1291635e+001  6.9727117e+001  7.9871007e+002  1.1064060e+001  1.1980566e+001  7.9880311e+002  8.9160671e+000  2.4601240e+000  7.9889615e+002  9.9587741e-001 -5.3423336e+000  7.9898920e+002  0.0000000e+000
  1.3700000e+001  2.3488609e+001  2.7437166e+001  8.0414994e+002  1.9821288e+001  2.5276936e+001  8.0426709e+002  2.4407013e+001  5.6832985e+001  8.0438424e+002  3.8017612e+001  2.2193745e+002  8.0450140e+002  3.8063173e+001  3.4462162e+002  8.0461855e+002  2.1837975e+001  2.2670301e+002  8.0473571e+002  1.1408896e+001  6.7363847e+001  8.0485286e+002  1.0401373e+001  1.0734196e+001  8.0497001e+002  9.8549843e+000  3.3256056e+000  8.0508717e+002  3.9376772e-001 -4.2992852e+000  8.0520432e+002  0.0000000e+000
  1.4000000e+001  2.2714688e+001  2.4053086e+001  8.1483122e+002  1.8657309e+001  2.1605364e+001  8.1494609e+002  2.4392603e+001  4.7399506e+001  8.1506096e+002  3.7500506e+001  1.9488710e+002  8.1517582e+002  3.6379716e+001  3.0891527e+002  8.1529069e+002  2.0414753e+001  1.9761987e+002  8.1540555e+002  1.1500802e+001  5.6108721e+001  8.1552042e+002  9.6014711e+000  7.7722836e+000  8.1563529e+002  9.0535992e+000  5.7657213e-001  8.1575015e+002  2.6926265e-001 -5.2071969e+000  8.1586502e+002  0.0000000e+000
  1.4150000e+001  2.3289308e+001  2.2864837e+001  8.1895635e+002  2.0394252e+001  2.0873813e+001  8.1905961e+002  2.6145045e+001  4.2900425e+001  8.1916287e+002  3.5113012e+001  1.8182911e+002  8.1926613e+002  3.4589085e+001  2.8765372e+002  8.1936939e+002  1.9098714e+001  1.7725992e+002  8.1947264e+002  1.0375807e+001  4.6856759e+001  8.1957590e+002  1.1920780e+001  7.8127311e+000  8.1967916e+002  1.0982362e+001  2.3992328e+000  8.1978242e+002  1.6125417e+000 -4.8104692e+000  8.1988568e+002  0.0000000e+000
  1.4300000e+001  2.3211460e+001  2.2013600e+001  8.2443960e+002  1.9865735e+001  2.2207272e+001  8.2450616e+002  2.3945246e+001  3.7788468e+001  8.2457272e+002  3.4999363e+001  1.6688105e+002  8.2463927e+002  3.3595641e+001  2.7323779e+002  8.2470583e+002  1.9468272e+001  1.6491998e+002  8.2477239e+002  1.0755402e+001  4.2411689e+001  8.2483894e+002  1.2718396e+001  7.1292817e+000  8.2490550e+002  1.1682563e+001  2.5826725e+000  8.2497206e+002  1.8389391e+000 -4.9112891e+000  8.2503862e+002  0.0000000e+000
  1.4500000e+001  2.3123605e+001  2.0796310e+001  8.3090426e+002  1.9181371e+001  2.1167487e+001  8.3091660e+002  2.5188433e+001  3.4042944e+001  8.3092893e+002  3.5332908e+001  1.5205703e+002  8.3094127e+002  3.3558797e+001  2.5295719e+002  8.3095361e+002  1.8906343e+001  1.5114186e+002  8.3096594e+002  1.2157050e+001  3.5978760e+001  8.3097828e+002  1.1953267e+001  6.0121159e+000  8.3099061e+002  1.1437876e+001  2.2472934e+000  8.3100295e+002  1.1125595e+000 -4.5166490e+000  8.3101529e+002  0.0000000e+000
  1.4600000e+001  2.4521309e+001  2.1250247e+001  8.3324784e+002  1.8336704e+001  1.9278240e+001  8.3329069e+002  2.3171714e+001  3.1721530e+001  8.3333355e+002  3.4541307e+001  1.3747158e+002  8.3337640e+002  3.2506634e+001  2.3719604e+002  8.3341926e+002  1.8311529e+001  1.4224966e+002  8.3346211e+002  1.0948590e+001  3.3920920e+001  8.3350496e+002  1.2260550e+001  7.5503011e+000  8.3354782e+002  1.1046017e+001  4.5896671e+000  8.3359067e+002  3.1768491e+000 -3.1881317e+000  8.3363353e+002  0.0000000e+000
  1.5000000e+001  2.2151138e+001  1.9822721e+001  8.4495503e+002  1.6996160e+001  1.8787409e+001  8.4501568e+002  2.1936922e+001  2.6809111e+001  8.4507634e+002  3.2798594e+001  1.2177582e+002  8.4513699e+002  3.6291073e+001  2.2130027e+002  8.4519764e+002  1.8420920e+001  1.3331299e+002  8.4525829e+002  1.1649647e+001  3.0443314e+001  8.4531894e+002  1.1075053e+001  6.6373906e+000  8.4537959e+002  1.1675423e+001  4.7602621e+000  8.4544024e+002  2.8706851e+000 -1.7445312e+000  8.4550089e+002  0.0000000e+000
  1.5300000e+001  1.9822154e+001  1.8884416e+001  8.5468326e+002  1.5806257e+001  1.7299031e+001  8.5473223e+002  1.9392616e+001  2.5018175e+001  8.5478120e+002  2.9973085e+001  1.1259771e+002  8.5483018e+002  3.0702176e+001  2.1011653e+002  8.5487915e+002  1.7464774e+001  1.2571743e+002  8.5492812e+002  9.9534159e+000  2.8435928e+001  8.5497710e+002  7.8979225e+000  6.8582006e+000  8.5502607e+002  1.1346812e+001  4.3143860e+000  8.5507504e+002  2.0092631e+000 -2.6374636e+000  8.5512402e+002  0.0000000e+000
  1.5450000e+001  2.2339075e+001  1.9575211e+001  8.5848163e+002  1.8363385e+001  1.9534449e+001  8.5848893e+002  2.1059435e+001  2.5971299e+001  8.5849624e+002  3.0647520e+001  1.1040882e+002  8.5850355e+002  3.1757855e+001  1.9795135e+002  8.5851086e+002  1.6293221e+001  1.1307821e+002  8.5851817e+002  1.0830574e+001  2.3919697e+001  8.5852548e+002  1.1432309e+001  6.8725624e+000  8.5853279e+002  1.1169106e+001  4.1696970e+000  8.5854009e+002  3.0224952e+000 -2.0166352e+000  8.5854740e+002  0.0000000e+000
  1.5600000e+001  2.0172624e+001  1.8910150e+001  8.6316384e+002  1.6910103e+001  1.7971169e+001  8.6313686e+002  2.1869694e+001  2.4623314e+001  8.6310989e+002  3.1487252e+001  1.0094027e+002  8.6308291e+002  3.3508061e+001  1.8206456e+002  8.6305594e+002  1.5493781e+001  1.0107129e+002  8.6302896e+002  8.5273806e+000  2.0615945e+001  8.6300198e+002  1.0772050e+001  6.7647815e+000  8.6297501e+002  1.0525517e+001  6.4035849e+000  8.6294803e+002  3.2153513e+000  8.2262894e-002  8.6292106e+002  0.0000000e+000
  1.5750000e+001  2.1418499e+001  1.7565664e+001  8.6712974e+002  1.5423979e+001  1.5994951e+001  8.6718360e+002  2.1283843e+001  2.0652233e+001  8.6723747e+002  3.1087911e+001  8.9470359e+001  8.6729134e+002  3.0848739e+001  1.6291659e+002  8.6734521e+002  1.6012470e+001  8.8830523e+001  8.6739907e+002  8.5826963e+000  1.5554289e+001  8.6745294e+002  1.0509045e+001  5.1475191e+000  8.6750681e+002  1.1412012e+001  4.8411386e+000  8.6756068e+002  2.9731884e+000 -2.2451564e+000  8.6761455e+002  0.0000000e+000
  1.5900000e+001  1.9836763e+001  1.5795924e+001  8.7033527e+002  1.4030679e+001  1.6533325e+001  8.7048619e+002  1.9458961e+001  2.1200917e+001  8.7063712e+002  3.0232827e+001  8.2009634e+001  8.7078805e+002  2.9291348e+001  1.4875872e+002  8.7093898e+002  1.5511292e+001  7.6140293e+001  8.7108990e+002  7.1241040e+000  1.3848006e+001  8.7124083e+002  9.1613118e+000  5.4040462e+000  8.7139176e+002  1.0509875e+001  4.8671170e+000  8.7154268e+002  2.4646711e+000 -1.4820368e-001  8.7169361e+002  0.0000000e+000
  1.6100000e+001  1.8022924e+001  1.6319796e+001  8.7814670e+002  1.3384780e+001  1.6128444e+001  8.7802619e+002  2.0262340e+001  2.3290839e+001  8.7790568e+002  2.9037830e+001  7.2744675e+001  8.7778517e+002  2.7135779e+001  1.3146785e+002  8.7766467e+002  1.4978542e+001  6.7303411e+001  8.7754416e+002  8.4181466e+000  1.3595873e+001  8.7742365e+002  9.0027732e+000  7.7661712e+000  8.7730314e+002  9.5008186e+000  5.2314948e+000  8.7718263e+002  1.4061408e+000  2.0150843e-001  8.7706213e+002  0.0000000e+000
  1.6250000e+001  1.6840938e+001  1.6054253e+001  8.7805573e+002  1.3555240e+001  1.5588533e+001  8.7843666e+002  1.9547873e+001  2.3250962e+001  8.7881759e+002  2.7346639e+001  6.5601179e+001  8.7919853e+002  2.5332364e+001  1.1699112e+002  8.7957946e+002  1.1363202e+001  5.6897710e+001  8.7996039e+002  6.8679837e+000  9.4014508e+000  8.8034132e+002  7.3705438e+000  6.6333720e+000  8.8072226e+002  9.0370013e+000  3.8992435e+000  8.8110319e+002 -7.7223201e-001 -3.5284215e-001  8.8148412e+002  0.0000000e+000
  1.6400000e+001  1.6836753e+001  1.6844432e+001  8.8760315e+002  1.2379331e+001  1.7369372e+001  8.8757407e+002  2.0811226e+001  2.3609444e+001  8.8754498e+002  2.6280553e+001  6.0210227e+001  8.8751590e+002  2.5973982e+001  1.0974132e+002  8.8748682e+002  1.2255887e+001  5.3654499e+001  8.8745774e+002  7.5481149e+000  9.9401563e+000  8.8742866e+002  9.3302118e+000  7.3906098e+000  8.8739958e+002  1.0515531e+001  5.6282821e+000  8.8737050e+002 -1.4601779e+000  3.8235161e-001  8.8734142e+002  0.0000000e+000
  1.6500000e+001  2.0944857e+001  2.0653044e+001  8.8527980e+002  1.6097996e+001  2.1275224e+001  8.8542105e+002  2.2585872e+001  3.3168204e+001  8.8556231e+002  3.0274274e+001  1.0842414e+002  8.8570356e+002  2.8499928e+001  1.7920814e+002  8.8584482e+002  1.4919792e+001  1.0255716e+002  8.8598607e+002  8.4463855e+000  2.5120870e+001  8.8612733e+002  1.0441656e+001  8.1463006e+000  8.8626859e+002  9.5387171e+000  4.8346946e+000  8.8640984e+002 -2.1694958e+000 -6.3647120e-001  8.8655110e+002  0.0000000e+000
  1.6900000e+001  1.3942624e+001  1.3202851e+001  8.9294533e+002  1.3529711e+000  1.1676079e+001  8.9314532e+002  1.7327661e+001  1.8656581e+001  8.9334532e+002  2.1629724e+001  4.6007930e+001  8.9354531e+002  1.8488888e+001  8.8509488e+001  8.9374531e+002  1.1317950e+001  4.0456687e+001  8.9394531e+002  1.9958344e+000  1.1690696e+001  8.9414530e+002  5.4719384e+000  4.7713282e-001  8.9434530e+002  1.1964809e+000  2.5578887e+000  8.9454529e+002 -5.3390152e+000 -2.7672855e+000  8.9474529e+002  0.0000000e+000
  1.7049999e+001  8.1007365e+000  1.3060049e+001  8.9619596e+002 -2.8910647e+000  4.7902980e+000  8.9640080e+002  1.1796633e+001  1.6338748e+001  8.9660563e+002  1.9306046e+001  4.1278081e+001  8.9681047e+002  1.5322513e+001  8.0709406e+001  8.9701531e+002  9.9530754e+000  3.3698146e+001  8.9722014e+002 -4.3467179e+000  1.0895126e+001  8.9742498e+002  1.9728834e+000 -2.1639483e+000  8.9762982e+002 -2.9912148e+000 -1.1167116e-001  8.9783466e+002 -8.3214633e+000 -6.6610429e+000  8.9803949e+002  0.0000000e+000
  1.7200001e+001  1.1797771e+001  1.5115851e+001  8.9946472e+002 -1.0309807e+000  9.5001254e+000  8.9958567e+002  1.7274374e+001  1.4102575e+001  8.9970662e+002  1.9377249e+001  3.7587894e+001  8.9982757e+002  1.9388729e+001  7.0308719e+001  8.9994852e+002  1.1113620e+001  2.9685097e+001  9.0006947e+002 -1.7504596e+000  1.0173957e+001  9.0019042e+002  7.2358492e+000  3.2796830e+000  9.0031137e+002  2.3671320e+000  2.5986911e+000  9.0043232e+002 -2.5368830e+000 -2.9076755e-001  9.0055327e+002  0.0000000e+000
  1.7350000e+001  9.7838604e+000  1.1775896e+001  9.0173112e+002 -1.7411914e+000  8.7179589e+000  9.0193940e+002  1.0550212e+001  1.7116444e+001  9.0214768e+002  1.8463680e+001  3.5736959e+001  9.0235597e+002  1.6926141e+001  6.4706403e+001  9.0256425e+002  7.9010387e+000  2.7359719e+001  9.0277253e+002 -2.8680392e+000  8.5533064e+000  9.0298082e+002  2.9723311e+000  1.7687916e+000  9.0318910e+002 -2.6260211e+000  4.6294750e+000  9.0339738e+002 -8.6756821e+000  1.1445623e+000  9.0360567e+002  0.0000000e+000
  1.7500000e+001  1.2271971e+001  1.3308124e+001  9.0381871e+002  3.1455658e+000  5.1998294e+000  9.0393499e+002  1.1318607e+001  1.5539555e+001  9.0405127e+002  2.0686657e+001  2.7538945e+001  9.0416755e+002  1.9944405e+001  5.5330810e+001  9.0428382e+002  5.5826840e+000  2.4267898e+001  9.0440010e+002 -2.6142321e+000  5.3334103e+000  9.0451638e+002  3.4721961e+000  3.0850418e+000  9.0463265e+002  5.5752222e+000  2.1771969e+000  9.0474893e+002  6.5987270e-001 -1.0541767e+000  9.0486521e+002  0.0000000e+000
  1.7700001e+001  1.7442345e+001  1.1146518e+001  9.0728829e+002 -4.2075139e+000 -9.2726348e-002  9.0728222e+002  8.5178784e+000  2.0336807e+001  9.0727615e+002  2.5971650e+001  2.1996633e+001  9.0727008e+002  1.9925375e+001  5.2431114e+001  9.0726401e+002  2.0262401e+001  9.9365488e+000  9.0725794e+002 -4.7446011e+000  1.7053593e+001  9.0725188e+002  5.5220410e+000 -2.3301844e+000  9.0724581e+002  2.7961533e-001 -9.1846314e-001  9.0723974e+002  6.0070721e+000 -5.2946860e+000  9.0723367e+002  0.0000000e+000
  1.8200001e+001  2.2796940e+001  3.2691031e+000  9.1583156e+002  1.3538945e+000 -5.2939076e-001  9.1598113e+002  1.2783124e+001  1.3453821e+001  9.1613069e+002  2.9732899e+001  2.1854746e+001  9.1628026e+002  2.7540007e+001  4.8854217e+001  9.1642983e+002  2.1511365e+001  1.3576924e+001  9.1657939e+002  7.8535199e-001  6.7014364e+000  9.1672896e+002  6.7656570e+000 -4.2043406e+000  9.1687853e+002  5.5407140e+000  5.7490830e-001  9.1702809e+002  6.0005188e+000 -1.1719607e+001  9.1717766e+002  0.0000000e+000
